StartDate: Last : 24 Hour(s)
Interval: 5 minutes   
Report Print Date/Time: 14/05/2026 / 8:01:05
Room Temperature
DateTime;Data Source;Value;Alias
13/05/2026 8:00:00;EMSWH.Application View:Applications.Trends.Offline Log Objects.EBLN11.11-01-DDC-EMS-02.Points.111_AHU05_RM037_RMT.Value;2.188E+1;
13/05/2026 8:05:00;EMSWH.Application View:Applications.Trends.Offline Log Objects.EBLN11.11-01-DDC-EMS-02.Points.111_AHU05_RM037_RMT.Value;2.188E+1;
13/05/2026 8:10:00;EMSWH.Application View:Applications.Trends.Offline Log Objects.EBLN11.11-01-DDC-EMS-02.Points.111_AHU05_RM037_RMT.Value;2.187E+1;
13/05/2026 8:15:00;EMSWH.Application View:Applications.Trends.Offline Log Objects.EBLN11.11-01-DDC-EMS-02.Points.111_AHU05_RM037_RMT.Value;2.192E+1;
13/05/2026 8:20:00;EMSWH.Application View:Applications.Trends.Offline Log Objects.EBLN11.11-01-DDC-EMS-02.Points.111_AHU05_RM037_RMT.Value;2.192E+1;
13/05/2026 8:25:00;EMSWH.Application View:Applications.Trends.Offline Log Objects.EBLN11.11-01-DDC-EMS-02.Points.111_AHU05_RM037_RMT.Value;2.197E+1;
13/05/2026 8:30:00;EMSWH.Application View:Applications.Trends.Offline Log Objects.EBLN11.11-01-DDC-EMS-02.Points.111_AHU05_RM037_RMT.Value;2.193E+1;
13/05/2026 8:35:00;EMSWH.Application View:Applications.Trends.Offline Log Objects.EBLN11.11-01-DDC-EMS-02.Points.111_AHU05_RM037_RMT.Value;2.198E+1;
13/05/2026 8:40:00;EMSWH.Application View:Applications.Trends.Offline Log Objects.EBLN11.11-01-DDC-EMS-02.Points.111_AHU05_RM037_RMT.Value;2.201E+1;
13/05/2026 8:45:00;EMSWH.Application View:Applications.Trends.Offline Log Objects.EBLN11.11-01-DDC-EMS-02.Points.111_AHU05_RM037_RMT.Value;2.203E+1;
13/05/2026 8:50:00;EMSWH.Application View:Applications.Trends.Offline Log Objects.EBLN11.11-01-DDC-EMS-02.Points.111_AHU05_RM037_RMT.Value;2.199E+1;
13/05/2026 8:55:00;EMSWH.Application View:Applications.Trends.Offline Log Objects.EBLN11.11-01-DDC-EMS-02.Points.111_AHU05_RM037_RMT.Value;2.205E+1;
13/05/2026 9:00:00;EMSWH.Application View:Applications.Trends.Offline Log Objects.EBLN11.11-01-DDC-EMS-02.Points.111_AHU05_RM037_RMT.Value;2.203E+1;
13/05/2026 9:05:00;EMSWH.Application View:Applications.Trends.Offline Log Objects.EBLN11.11-01-DDC-EMS-02.Points.111_AHU05_RM037_RMT.Value;2.209E+1;
13/05/2026 9:10:00;EMSWH.Application View:Applications.Trends.Offline Log Objects.EBLN11.11-01-DDC-EMS-02.Points.111_AHU05_RM037_RMT.Value;2.212E+1;
13/05/2026 9:15:00;EMSWH.Application View:Applications.Trends.Offline Log Objects.EBLN11.11-01-DDC-EMS-02.Points.111_AHU05_RM037_RMT.Value;2.211E+1;
13/05/2026 9:20:00;EMSWH.Application View:Applications.Trends.Offline Log Objects.EBLN11.11-01-DDC-EMS-02.Points.111_AHU05_RM037_RMT.Value;2.204E+1;
13/05/2026 9:25:00;EMSWH.Application View:Applications.Trends.Offline Log Objects.EBLN11.11-01-DDC-EMS-02.Points.111_AHU05_RM037_RMT.Value;2.212E+1;
13/05/2026 9:30:00;EMSWH.Application View:Applications.Trends.Offline Log Objects.EBLN11.11-01-DDC-EMS-02.Points.111_AHU05_RM037_RMT.Value;2.212E+1;
13/05/2026 9:35:00;EMSWH.Application View:Applications.Trends.Offline Log Objects.EBLN11.11-01-DDC-EMS-02.Points.111_AHU05_RM037_RMT.Value;2.212E+1;
13/05/2026 9:40:00;EMSWH.Application View:Applications.Trends.Offline Log Objects.EBLN11.11-01-DDC-EMS-02.Points.111_AHU05_RM037_RMT.Value;2.211E+1;
13/05/2026 9:45:00;EMSWH.Application View:Applications.Trends.Offline Log Objects.EBLN11.11-01-DDC-EMS-02.Points.111_AHU05_RM037_RMT.Value;2.208E+1;
13/05/2026 9:50:00;EMSWH.Application View:Applications.Trends.Offline Log Objects.EBLN11.11-01-DDC-EMS-02.Points.111_AHU05_RM037_RMT.Value;2.211E+1;
13/05/2026 9:55:00;EMSWH.Application View:Applications.Trends.Offline Log Objects.EBLN11.11-01-DDC-EMS-02.Points.111_AHU05_RM037_RMT.Value;2.213E+1;
13/05/2026 10:00:00;EMSWH.Application View:Applications.Trends.Offline Log Objects.EBLN11.11-01-DDC-EMS-02.Points.111_AHU05_RM037_RMT.Value;2.212E+1;
13/05/2026 10:05:00;EMSWH.Application View:Applications.Trends.Offline Log Objects.EBLN11.11-01-DDC-EMS-02.Points.111_AHU05_RM037_RMT.Value;2.217E+1;
13/05/2026 10:10:00;EMSWH.Application View:Applications.Trends.Offline Log Objects.EBLN11.11-01-DDC-EMS-02.Points.111_AHU05_RM037_RMT.Value;2.216E+1;
13/05/2026 10:15:00;EMSWH.Application View:Applications.Trends.Offline Log Objects.EBLN11.11-01-DDC-EMS-02.Points.111_AHU05_RM037_RMT.Value;2.217E+1;
13/05/2026 10:20:00;EMSWH.Application View:Applications.Trends.Offline Log Objects.EBLN11.11-01-DDC-EMS-02.Points.111_AHU05_RM037_RMT.Value;2.214E+1;
13/05/2026 10:25:00;EMSWH.Application View:Applications.Trends.Offline Log Objects.EBLN11.11-01-DDC-EMS-02.Points.111_AHU05_RM037_RMT.Value;2.214E+1;
13/05/2026 10:30:00;EMSWH.Application View:Applications.Trends.Offline Log Objects.EBLN11.11-01-DDC-EMS-02.Points.111_AHU05_RM037_RMT.Value;2.209E+1;
13/05/2026 10:35:00;EMSWH.Application View:Applications.Trends.Offline Log Objects.EBLN11.11-01-DDC-EMS-02.Points.111_AHU05_RM037_RMT.Value;2.209E+1;
13/05/2026 10:40:00;EMSWH.Application View:Applications.Trends.Offline Log Objects.EBLN11.11-01-DDC-EMS-02.Points.111_AHU05_RM037_RMT.Value;2.211E+1;
13/05/2026 10:45:00;EMSWH.Application View:Applications.Trends.Offline Log Objects.EBLN11.11-01-DDC-EMS-02.Points.111_AHU05_RM037_RMT.Value;2.206E+1;
13/05/2026 10:50:00;EMSWH.Application View:Applications.Trends.Offline Log Objects.EBLN11.11-01-DDC-EMS-02.Points.111_AHU05_RM037_RMT.Value;2.206E+1;
13/05/2026 10:55:00;EMSWH.Application View:Applications.Trends.Offline Log Objects.EBLN11.11-01-DDC-EMS-02.Points.111_AHU05_RM037_RMT.Value;2.206E+1;
13/05/2026 11:00:00;EMSWH.Application View:Applications.Trends.Offline Log Objects.EBLN11.11-01-DDC-EMS-02.Points.111_AHU05_RM037_RMT.Value;2.212E+1;
13/05/2026 11:05:00;EMSWH.Application View:Applications.Trends.Offline Log Objects.EBLN11.11-01-DDC-EMS-02.Points.111_AHU05_RM037_RMT.Value;2.213E+1;
13/05/2026 11:10:00;EMSWH.Application View:Applications.Trends.Offline Log Objects.EBLN11.11-01-DDC-EMS-02.Points.111_AHU05_RM037_RMT.Value;2.212E+1;
13/05/2026 11:15:00;EMSWH.Application View:Applications.Trends.Offline Log Objects.EBLN11.11-01-DDC-EMS-02.Points.111_AHU05_RM037_RMT.Value;2.21E+1;
13/05/2026 11:20:00;EMSWH.Application View:Applications.Trends.Offline Log Objects.EBLN11.11-01-DDC-EMS-02.Points.111_AHU05_RM037_RMT.Value;2.212E+1;
13/05/2026 11:25:00;EMSWH.Application View:Applications.Trends.Offline Log Objects.EBLN11.11-01-DDC-EMS-02.Points.111_AHU05_RM037_RMT.Value;2.215E+1;
13/05/2026 11:30:00;EMSWH.Application View:Applications.Trends.Offline Log Objects.EBLN11.11-01-DDC-EMS-02.Points.111_AHU05_RM037_RMT.Value;2.215E+1;
13/05/2026 11:35:00;EMSWH.Application View:Applications.Trends.Offline Log Objects.EBLN11.11-01-DDC-EMS-02.Points.111_AHU05_RM037_RMT.Value;2.216E+1;
13/05/2026 11:40:00;EMSWH.Application View:Applications.Trends.Offline Log Objects.EBLN11.11-01-DDC-EMS-02.Points.111_AHU05_RM037_RMT.Value;2.218E+1;
13/05/2026 11:45:00;EMSWH.Application View:Applications.Trends.Offline Log Objects.EBLN11.11-01-DDC-EMS-02.Points.111_AHU05_RM037_RMT.Value;2.225E+1;
13/05/2026 11:50:00;EMSWH.Application View:Applications.Trends.Offline Log Objects.EBLN11.11-01-DDC-EMS-02.Points.111_AHU05_RM037_RMT.Value;2.23E+1;
13/05/2026 11:55:00;EMSWH.Application View:Applications.Trends.Offline Log Objects.EBLN11.11-01-DDC-EMS-02.Points.111_AHU05_RM037_RMT.Value;2.23E+1;
13/05/2026 12:00:00;EMSWH.Application View:Applications.Trends.Offline Log Objects.EBLN11.11-01-DDC-EMS-02.Points.111_AHU05_RM037_RMT.Value;2.233E+1;
13/05/2026 12:05:00;EMSWH.Application View:Applications.Trends.Offline Log Objects.EBLN11.11-01-DDC-EMS-02.Points.111_AHU05_RM037_RMT.Value;2.228E+1;
13/05/2026 12:10:00;EMSWH.Application View:Applications.Trends.Offline Log Objects.EBLN11.11-01-DDC-EMS-02.Points.111_AHU05_RM037_RMT.Value;2.235E+1;
13/05/2026 12:15:00;EMSWH.Application View:Applications.Trends.Offline Log Objects.EBLN11.11-01-DDC-EMS-02.Points.111_AHU05_RM037_RMT.Value;2.232E+1;
13/05/2026 12:20:00;EMSWH.Application View:Applications.Trends.Offline Log Objects.EBLN11.11-01-DDC-EMS-02.Points.111_AHU05_RM037_RMT.Value;2.237E+1;
13/05/2026 12:25:00;EMSWH.Application View:Applications.Trends.Offline Log Objects.EBLN11.11-01-DDC-EMS-02.Points.111_AHU05_RM037_RMT.Value;2.235E+1;
13/05/2026 12:30:00;EMSWH.Application View:Applications.Trends.Offline Log Objects.EBLN11.11-01-DDC-EMS-02.Points.111_AHU05_RM037_RMT.Value;2.232E+1;
13/05/2026 12:35:00;EMSWH.Application View:Applications.Trends.Offline Log Objects.EBLN11.11-01-DDC-EMS-02.Points.111_AHU05_RM037_RMT.Value;2.236E+1;
13/05/2026 12:40:00;EMSWH.Application View:Applications.Trends.Offline Log Objects.EBLN11.11-01-DDC-EMS-02.Points.111_AHU05_RM037_RMT.Value;2.234E+1;
13/05/2026 12:45:00;EMSWH.Application View:Applications.Trends.Offline Log Objects.EBLN11.11-01-DDC-EMS-02.Points.111_AHU05_RM037_RMT.Value;2.239E+1;
13/05/2026 12:50:00;EMSWH.Application View:Applications.Trends.Offline Log Objects.EBLN11.11-01-DDC-EMS-02.Points.111_AHU05_RM037_RMT.Value;2.234E+1;
13/05/2026 12:55:00;EMSWH.Application View:Applications.Trends.Offline Log Objects.EBLN11.11-01-DDC-EMS-02.Points.111_AHU05_RM037_RMT.Value;2.233E+1;
13/05/2026 13:00:00;EMSWH.Application View:Applications.Trends.Offline Log Objects.EBLN11.11-01-DDC-EMS-02.Points.111_AHU05_RM037_RMT.Value;2.233E+1;
13/05/2026 13:05:00;EMSWH.Application View:Applications.Trends.Offline Log Objects.EBLN11.11-01-DDC-EMS-02.Points.111_AHU05_RM037_RMT.Value;2.23E+1;
13/05/2026 13:10:00;EMSWH.Application View:Applications.Trends.Offline Log Objects.EBLN11.11-01-DDC-EMS-02.Points.111_AHU05_RM037_RMT.Value;2.23E+1;
13/05/2026 13:15:00;EMSWH.Application View:Applications.Trends.Offline Log Objects.EBLN11.11-01-DDC-EMS-02.Points.111_AHU05_RM037_RMT.Value;2.229E+1;
13/05/2026 13:20:00;EMSWH.Application View:Applications.Trends.Offline Log Objects.EBLN11.11-01-DDC-EMS-02.Points.111_AHU05_RM037_RMT.Value;2.226E+1;
13/05/2026 13:25:00;EMSWH.Application View:Applications.Trends.Offline Log Objects.EBLN11.11-01-DDC-EMS-02.Points.111_AHU05_RM037_RMT.Value;2.227E+1;
13/05/2026 13:30:00;EMSWH.Application View:Applications.Trends.Offline Log Objects.EBLN11.11-01-DDC-EMS-02.Points.111_AHU05_RM037_RMT.Value;2.232E+1;
13/05/2026 13:35:00;EMSWH.Application View:Applications.Trends.Offline Log Objects.EBLN11.11-01-DDC-EMS-02.Points.111_AHU05_RM037_RMT.Value;2.234E+1;
13/05/2026 13:40:00;EMSWH.Application View:Applications.Trends.Offline Log Objects.EBLN11.11-01-DDC-EMS-02.Points.111_AHU05_RM037_RMT.Value;2.234E+1;
13/05/2026 13:45:00;EMSWH.Application View:Applications.Trends.Offline Log Objects.EBLN11.11-01-DDC-EMS-02.Points.111_AHU05_RM037_RMT.Value;2.23E+1;
13/05/2026 13:50:00;EMSWH.Application View:Applications.Trends.Offline Log Objects.EBLN11.11-01-DDC-EMS-02.Points.111_AHU05_RM037_RMT.Value;2.24E+1;
13/05/2026 13:55:00;EMSWH.Application View:Applications.Trends.Offline Log Objects.EBLN11.11-01-DDC-EMS-02.Points.111_AHU05_RM037_RMT.Value;2.24E+1;
13/05/2026 14:00:00;EMSWH.Application View:Applications.Trends.Offline Log Objects.EBLN11.11-01-DDC-EMS-02.Points.111_AHU05_RM037_RMT.Value;2.234E+1;
13/05/2026 14:05:00;EMSWH.Application View:Applications.Trends.Offline Log Objects.EBLN11.11-01-DDC-EMS-02.Points.111_AHU05_RM037_RMT.Value;2.234E+1;
13/05/2026 14:10:00;EMSWH.Application View:Applications.Trends.Offline Log Objects.EBLN11.11-01-DDC-EMS-02.Points.111_AHU05_RM037_RMT.Value;2.236E+1;
13/05/2026 14:15:00;EMSWH.Application View:Applications.Trends.Offline Log Objects.EBLN11.11-01-DDC-EMS-02.Points.111_AHU05_RM037_RMT.Value;2.243E+1;
13/05/2026 14:20:00;EMSWH.Application View:Applications.Trends.Offline Log Objects.EBLN11.11-01-DDC-EMS-02.Points.111_AHU05_RM037_RMT.Value;2.244E+1;
13/05/2026 14:25:00;EMSWH.Application View:Applications.Trends.Offline Log Objects.EBLN11.11-01-DDC-EMS-02.Points.111_AHU05_RM037_RMT.Value;2.245E+1;
13/05/2026 14:30:00;EMSWH.Application View:Applications.Trends.Offline Log Objects.EBLN11.11-01-DDC-EMS-02.Points.111_AHU05_RM037_RMT.Value;2.245E+1;
13/05/2026 14:35:00;EMSWH.Application View:Applications.Trends.Offline Log Objects.EBLN11.11-01-DDC-EMS-02.Points.111_AHU05_RM037_RMT.Value;2.248E+1;
13/05/2026 14:40:00;EMSWH.Application View:Applications.Trends.Offline Log Objects.EBLN11.11-01-DDC-EMS-02.Points.111_AHU05_RM037_RMT.Value;2.247E+1;
13/05/2026 14:45:00;EMSWH.Application View:Applications.Trends.Offline Log Objects.EBLN11.11-01-DDC-EMS-02.Points.111_AHU05_RM037_RMT.Value;2.244E+1;
13/05/2026 14:50:00;EMSWH.Application View:Applications.Trends.Offline Log Objects.EBLN11.11-01-DDC-EMS-02.Points.111_AHU05_RM037_RMT.Value;2.25E+1;
13/05/2026 14:55:00;EMSWH.Application View:Applications.Trends.Offline Log Objects.EBLN11.11-01-DDC-EMS-02.Points.111_AHU05_RM037_RMT.Value;2.249E+1;
13/05/2026 15:00:00;EMSWH.Application View:Applications.Trends.Offline Log Objects.EBLN11.11-01-DDC-EMS-02.Points.111_AHU05_RM037_RMT.Value;2.249E+1;
13/05/2026 15:05:00;EMSWH.Application View:Applications.Trends.Offline Log Objects.EBLN11.11-01-DDC-EMS-02.Points.111_AHU05_RM037_RMT.Value;2.248E+1;
13/05/2026 15:10:00;EMSWH.Application View:Applications.Trends.Offline Log Objects.EBLN11.11-01-DDC-EMS-02.Points.111_AHU05_RM037_RMT.Value;2.246E+1;
13/05/2026 15:15:00;EMSWH.Application View:Applications.Trends.Offline Log Objects.EBLN11.11-01-DDC-EMS-02.Points.111_AHU05_RM037_RMT.Value;2.249E+1;
13/05/2026 15:20:00;EMSWH.Application View:Applications.Trends.Offline Log Objects.EBLN11.11-01-DDC-EMS-02.Points.111_AHU05_RM037_RMT.Value;2.253E+1;
13/05/2026 15:25:00;EMSWH.Application View:Applications.Trends.Offline Log Objects.EBLN11.11-01-DDC-EMS-02.Points.111_AHU05_RM037_RMT.Value;2.248E+1;
13/05/2026 15:30:00;EMSWH.Application View:Applications.Trends.Offline Log Objects.EBLN11.11-01-DDC-EMS-02.Points.111_AHU05_RM037_RMT.Value;2.249E+1;
13/05/2026 15:35:00;EMSWH.Application View:Applications.Trends.Offline Log Objects.EBLN11.11-01-DDC-EMS-02.Points.111_AHU05_RM037_RMT.Value;2.253E+1;
13/05/2026 15:40:00;EMSWH.Application View:Applications.Trends.Offline Log Objects.EBLN11.11-01-DDC-EMS-02.Points.111_AHU05_RM037_RMT.Value;2.253E+1;
13/05/2026 15:45:00;EMSWH.Application View:Applications.Trends.Offline Log Objects.EBLN11.11-01-DDC-EMS-02.Points.111_AHU05_RM037_RMT.Value;2.258E+1;
13/05/2026 15:50:00;EMSWH.Application View:Applications.Trends.Offline Log Objects.EBLN11.11-01-DDC-EMS-02.Points.111_AHU05_RM037_RMT.Value;2.256E+1;
13/05/2026 15:55:00;EMSWH.Application View:Applications.Trends.Offline Log Objects.EBLN11.11-01-DDC-EMS-02.Points.111_AHU05_RM037_RMT.Value;2.26E+1;
13/05/2026 16:00:00;EMSWH.Application View:Applications.Trends.Offline Log Objects.EBLN11.11-01-DDC-EMS-02.Points.111_AHU05_RM037_RMT.Value;2.261E+1;
13/05/2026 16:05:00;EMSWH.Application View:Applications.Trends.Offline Log Objects.EBLN11.11-01-DDC-EMS-02.Points.111_AHU05_RM037_RMT.Value;2.262E+1;
13/05/2026 16:10:00;EMSWH.Application View:Applications.Trends.Offline Log Objects.EBLN11.11-01-DDC-EMS-02.Points.111_AHU05_RM037_RMT.Value;2.254E+1;
13/05/2026 16:15:00;EMSWH.Application View:Applications.Trends.Offline Log Objects.EBLN11.11-01-DDC-EMS-02.Points.111_AHU05_RM037_RMT.Value;2.26E+1;
13/05/2026 16:20:00;EMSWH.Application View:Applications.Trends.Offline Log Objects.EBLN11.11-01-DDC-EMS-02.Points.111_AHU05_RM037_RMT.Value;2.262E+1;
13/05/2026 16:25:00;EMSWH.Application View:Applications.Trends.Offline Log Objects.EBLN11.11-01-DDC-EMS-02.Points.111_AHU05_RM037_RMT.Value;2.261E+1;
13/05/2026 16:30:00;EMSWH.Application View:Applications.Trends.Offline Log Objects.EBLN11.11-01-DDC-EMS-02.Points.111_AHU05_RM037_RMT.Value;2.262E+1;
13/05/2026 16:35:00;EMSWH.Application View:Applications.Trends.Offline Log Objects.EBLN11.11-01-DDC-EMS-02.Points.111_AHU05_RM037_RMT.Value;2.257E+1;
13/05/2026 16:40:00;EMSWH.Application View:Applications.Trends.Offline Log Objects.EBLN11.11-01-DDC-EMS-02.Points.111_AHU05_RM037_RMT.Value;2.264E+1;
13/05/2026 16:45:00;EMSWH.Application View:Applications.Trends.Offline Log Objects.EBLN11.11-01-DDC-EMS-02.Points.111_AHU05_RM037_RMT.Value;2.255E+1;
13/05/2026 16:50:00;EMSWH.Application View:Applications.Trends.Offline Log Objects.EBLN11.11-01-DDC-EMS-02.Points.111_AHU05_RM037_RMT.Value;2.252E+1;
13/05/2026 16:55:00;EMSWH.Application View:Applications.Trends.Offline Log Objects.EBLN11.11-01-DDC-EMS-02.Points.111_AHU05_RM037_RMT.Value;2.251E+1;
13/05/2026 17:00:00;EMSWH.Application View:Applications.Trends.Offline Log Objects.EBLN11.11-01-DDC-EMS-02.Points.111_AHU05_RM037_RMT.Value;2.251E+1;
13/05/2026 17:05:00;EMSWH.Application View:Applications.Trends.Offline Log Objects.EBLN11.11-01-DDC-EMS-02.Points.111_AHU05_RM037_RMT.Value;2.248E+1;
13/05/2026 17:10:00;EMSWH.Application View:Applications.Trends.Offline Log Objects.EBLN11.11-01-DDC-EMS-02.Points.111_AHU05_RM037_RMT.Value;2.254E+1;
13/05/2026 17:15:00;EMSWH.Application View:Applications.Trends.Offline Log Objects.EBLN11.11-01-DDC-EMS-02.Points.111_AHU05_RM037_RMT.Value;2.252E+1;
13/05/2026 17:20:00;EMSWH.Application View:Applications.Trends.Offline Log Objects.EBLN11.11-01-DDC-EMS-02.Points.111_AHU05_RM037_RMT.Value;2.256E+1;
13/05/2026 17:25:00;EMSWH.Application View:Applications.Trends.Offline Log Objects.EBLN11.11-01-DDC-EMS-02.Points.111_AHU05_RM037_RMT.Value;2.249E+1;
13/05/2026 17:30:00;EMSWH.Application View:Applications.Trends.Offline Log Objects.EBLN11.11-01-DDC-EMS-02.Points.111_AHU05_RM037_RMT.Value;2.253E+1;
13/05/2026 17:35:00;EMSWH.Application View:Applications.Trends.Offline Log Objects.EBLN11.11-01-DDC-EMS-02.Points.111_AHU05_RM037_RMT.Value;2.258E+1;
13/05/2026 17:40:00;EMSWH.Application View:Applications.Trends.Offline Log Objects.EBLN11.11-01-DDC-EMS-02.Points.111_AHU05_RM037_RMT.Value;2.26E+1;
13/05/2026 17:45:00;EMSWH.Application View:Applications.Trends.Offline Log Objects.EBLN11.11-01-DDC-EMS-02.Points.111_AHU05_RM037_RMT.Value;2.262E+1;
13/05/2026 17:50:00;EMSWH.Application View:Applications.Trends.Offline Log Objects.EBLN11.11-01-DDC-EMS-02.Points.111_AHU05_RM037_RMT.Value;2.257E+1;
13/05/2026 17:55:00;EMSWH.Application View:Applications.Trends.Offline Log Objects.EBLN11.11-01-DDC-EMS-02.Points.111_AHU05_RM037_RMT.Value;2.261E+1;
13/05/2026 18:00:00;EMSWH.Application View:Applications.Trends.Offline Log Objects.EBLN11.11-01-DDC-EMS-02.Points.111_AHU05_RM037_RMT.Value;2.26E+1;
13/05/2026 18:05:00;EMSWH.Application View:Applications.Trends.Offline Log Objects.EBLN11.11-01-DDC-EMS-02.Points.111_AHU05_RM037_RMT.Value;2.258E+1;
13/05/2026 18:10:00;EMSWH.Application View:Applications.Trends.Offline Log Objects.EBLN11.11-01-DDC-EMS-02.Points.111_AHU05_RM037_RMT.Value;2.262E+1;
13/05/2026 18:15:00;EMSWH.Application View:Applications.Trends.Offline Log Objects.EBLN11.11-01-DDC-EMS-02.Points.111_AHU05_RM037_RMT.Value;2.258E+1;
13/05/2026 18:20:00;EMSWH.Application View:Applications.Trends.Offline Log Objects.EBLN11.11-01-DDC-EMS-02.Points.111_AHU05_RM037_RMT.Value;2.259E+1;
13/05/2026 18:25:00;EMSWH.Application View:Applications.Trends.Offline Log Objects.EBLN11.11-01-DDC-EMS-02.Points.111_AHU05_RM037_RMT.Value;2.261E+1;
13/05/2026 18:30:00;EMSWH.Application View:Applications.Trends.Offline Log Objects.EBLN11.11-01-DDC-EMS-02.Points.111_AHU05_RM037_RMT.Value;2.258E+1;
13/05/2026 18:35:00;EMSWH.Application View:Applications.Trends.Offline Log Objects.EBLN11.11-01-DDC-EMS-02.Points.111_AHU05_RM037_RMT.Value;2.264E+1;
13/05/2026 18:40:00;EMSWH.Application View:Applications.Trends.Offline Log Objects.EBLN11.11-01-DDC-EMS-02.Points.111_AHU05_RM037_RMT.Value;2.262E+1;
13/05/2026 18:45:00;EMSWH.Application View:Applications.Trends.Offline Log Objects.EBLN11.11-01-DDC-EMS-02.Points.111_AHU05_RM037_RMT.Value;2.259E+1;
13/05/2026 18:50:00;EMSWH.Application View:Applications.Trends.Offline Log Objects.EBLN11.11-01-DDC-EMS-02.Points.111_AHU05_RM037_RMT.Value;2.265E+1;
13/05/2026 18:55:00;EMSWH.Application View:Applications.Trends.Offline Log Objects.EBLN11.11-01-DDC-EMS-02.Points.111_AHU05_RM037_RMT.Value;2.265E+1;
13/05/2026 19:00:00;EMSWH.Application View:Applications.Trends.Offline Log Objects.EBLN11.11-01-DDC-EMS-02.Points.111_AHU05_RM037_RMT.Value;2.262E+1;
13/05/2026 19:05:00;EMSWH.Application View:Applications.Trends.Offline Log Objects.EBLN11.11-01-DDC-EMS-02.Points.111_AHU05_RM037_RMT.Value;2.263E+1;
13/05/2026 19:10:00;EMSWH.Application View:Applications.Trends.Offline Log Objects.EBLN11.11-01-DDC-EMS-02.Points.111_AHU05_RM037_RMT.Value;2.26E+1;
13/05/2026 19:15:00;EMSWH.Application View:Applications.Trends.Offline Log Objects.EBLN11.11-01-DDC-EMS-02.Points.111_AHU05_RM037_RMT.Value;2.263E+1;
13/05/2026 19:20:00;EMSWH.Application View:Applications.Trends.Offline Log Objects.EBLN11.11-01-DDC-EMS-02.Points.111_AHU05_RM037_RMT.Value;2.264E+1;
13/05/2026 19:25:00;EMSWH.Application View:Applications.Trends.Offline Log Objects.EBLN11.11-01-DDC-EMS-02.Points.111_AHU05_RM037_RMT.Value;2.259E+1;
13/05/2026 19:30:00;EMSWH.Application View:Applications.Trends.Offline Log Objects.EBLN11.11-01-DDC-EMS-02.Points.111_AHU05_RM037_RMT.Value;2.26E+1;
13/05/2026 19:35:00;EMSWH.Application View:Applications.Trends.Offline Log Objects.EBLN11.11-01-DDC-EMS-02.Points.111_AHU05_RM037_RMT.Value;2.258E+1;
13/05/2026 19:40:00;EMSWH.Application View:Applications.Trends.Offline Log Objects.EBLN11.11-01-DDC-EMS-02.Points.111_AHU05_RM037_RMT.Value;2.262E+1;
13/05/2026 19:45:00;EMSWH.Application View:Applications.Trends.Offline Log Objects.EBLN11.11-01-DDC-EMS-02.Points.111_AHU05_RM037_RMT.Value;2.258E+1;
13/05/2026 19:50:00;EMSWH.Application View:Applications.Trends.Offline Log Objects.EBLN11.11-01-DDC-EMS-02.Points.111_AHU05_RM037_RMT.Value;2.252E+1;
13/05/2026 19:55:00;EMSWH.Application View:Applications.Trends.Offline Log Objects.EBLN11.11-01-DDC-EMS-02.Points.111_AHU05_RM037_RMT.Value;2.257E+1;
13/05/2026 20:00:00;EMSWH.Application View:Applications.Trends.Offline Log Objects.EBLN11.11-01-DDC-EMS-02.Points.111_AHU05_RM037_RMT.Value;2.255E+1;
13/05/2026 20:05:00;EMSWH.Application View:Applications.Trends.Offline Log Objects.EBLN11.11-01-DDC-EMS-02.Points.111_AHU05_RM037_RMT.Value;2.257E+1;
13/05/2026 20:10:00;EMSWH.Application View:Applications.Trends.Offline Log Objects.EBLN11.11-01-DDC-EMS-02.Points.111_AHU05_RM037_RMT.Value;2.25E+1;
13/05/2026 20:15:00;EMSWH.Application View:Applications.Trends.Offline Log Objects.EBLN11.11-01-DDC-EMS-02.Points.111_AHU05_RM037_RMT.Value;2.247E+1;
13/05/2026 20:20:00;EMSWH.Application View:Applications.Trends.Offline Log Objects.EBLN11.11-01-DDC-EMS-02.Points.111_AHU05_RM037_RMT.Value;2.247E+1;
13/05/2026 20:25:00;EMSWH.Application View:Applications.Trends.Offline Log Objects.EBLN11.11-01-DDC-EMS-02.Points.111_AHU05_RM037_RMT.Value;2.244E+1;
13/05/2026 20:30:00;EMSWH.Application View:Applications.Trends.Offline Log Objects.EBLN11.11-01-DDC-EMS-02.Points.111_AHU05_RM037_RMT.Value;2.244E+1;
13/05/2026 20:35:00;EMSWH.Application View:Applications.Trends.Offline Log Objects.EBLN11.11-01-DDC-EMS-02.Points.111_AHU05_RM037_RMT.Value;2.24E+1;
13/05/2026 20:40:00;EMSWH.Application View:Applications.Trends.Offline Log Objects.EBLN11.11-01-DDC-EMS-02.Points.111_AHU05_RM037_RMT.Value;2.244E+1;
13/05/2026 20:45:00;EMSWH.Application View:Applications.Trends.Offline Log Objects.EBLN11.11-01-DDC-EMS-02.Points.111_AHU05_RM037_RMT.Value;2.241E+1;
13/05/2026 20:50:00;EMSWH.Application View:Applications.Trends.Offline Log Objects.EBLN11.11-01-DDC-EMS-02.Points.111_AHU05_RM037_RMT.Value;2.24E+1;
13/05/2026 20:55:00;EMSWH.Application View:Applications.Trends.Offline Log Objects.EBLN11.11-01-DDC-EMS-02.Points.111_AHU05_RM037_RMT.Value;2.239E+1;
13/05/2026 21:00:00;EMSWH.Application View:Applications.Trends.Offline Log Objects.EBLN11.11-01-DDC-EMS-02.Points.111_AHU05_RM037_RMT.Value;2.243E+1;
13/05/2026 21:05:00;EMSWH.Application View:Applications.Trends.Offline Log Objects.EBLN11.11-01-DDC-EMS-02.Points.111_AHU05_RM037_RMT.Value;2.242E+1;
13/05/2026 21:10:00;EMSWH.Application View:Applications.Trends.Offline Log Objects.EBLN11.11-01-DDC-EMS-02.Points.111_AHU05_RM037_RMT.Value;2.24E+1;
13/05/2026 21:15:00;EMSWH.Application View:Applications.Trends.Offline Log Objects.EBLN11.11-01-DDC-EMS-02.Points.111_AHU05_RM037_RMT.Value;2.241E+1;
13/05/2026 21:20:00;EMSWH.Application View:Applications.Trends.Offline Log Objects.EBLN11.11-01-DDC-EMS-02.Points.111_AHU05_RM037_RMT.Value;2.24E+1;
13/05/2026 21:25:00;EMSWH.Application View:Applications.Trends.Offline Log Objects.EBLN11.11-01-DDC-EMS-02.Points.111_AHU05_RM037_RMT.Value;2.235E+1;
13/05/2026 21:30:00;EMSWH.Application View:Applications.Trends.Offline Log Objects.EBLN11.11-01-DDC-EMS-02.Points.111_AHU05_RM037_RMT.Value;2.233E+1;
13/05/2026 21:35:00;EMSWH.Application View:Applications.Trends.Offline Log Objects.EBLN11.11-01-DDC-EMS-02.Points.111_AHU05_RM037_RMT.Value;2.233E+1;
13/05/2026 21:40:00;EMSWH.Application View:Applications.Trends.Offline Log Objects.EBLN11.11-01-DDC-EMS-02.Points.111_AHU05_RM037_RMT.Value;2.234E+1;
13/05/2026 21:45:00;EMSWH.Application View:Applications.Trends.Offline Log Objects.EBLN11.11-01-DDC-EMS-02.Points.111_AHU05_RM037_RMT.Value;2.237E+1;
13/05/2026 21:50:00;EMSWH.Application View:Applications.Trends.Offline Log Objects.EBLN11.11-01-DDC-EMS-02.Points.111_AHU05_RM037_RMT.Value;2.232E+1;
13/05/2026 21:55:00;EMSWH.Application View:Applications.Trends.Offline Log Objects.EBLN11.11-01-DDC-EMS-02.Points.111_AHU05_RM037_RMT.Value;2.232E+1;
13/05/2026 22:00:00;EMSWH.Application View:Applications.Trends.Offline Log Objects.EBLN11.11-01-DDC-EMS-02.Points.111_AHU05_RM037_RMT.Value;2.234E+1;
13/05/2026 22:05:00;EMSWH.Application View:Applications.Trends.Offline Log Objects.EBLN11.11-01-DDC-EMS-02.Points.111_AHU05_RM037_RMT.Value;2.229E+1;
13/05/2026 22:10:00;EMSWH.Application View:Applications.Trends.Offline Log Objects.EBLN11.11-01-DDC-EMS-02.Points.111_AHU05_RM037_RMT.Value;2.236E+1;
13/05/2026 22:15:00;EMSWH.Application View:Applications.Trends.Offline Log Objects.EBLN11.11-01-DDC-EMS-02.Points.111_AHU05_RM037_RMT.Value;2.23E+1;
13/05/2026 22:20:00;EMSWH.Application View:Applications.Trends.Offline Log Objects.EBLN11.11-01-DDC-EMS-02.Points.111_AHU05_RM037_RMT.Value;2.233E+1;
13/05/2026 22:25:00;EMSWH.Application View:Applications.Trends.Offline Log Objects.EBLN11.11-01-DDC-EMS-02.Points.111_AHU05_RM037_RMT.Value;2.227E+1;
13/05/2026 22:30:00;EMSWH.Application View:Applications.Trends.Offline Log Objects.EBLN11.11-01-DDC-EMS-02.Points.111_AHU05_RM037_RMT.Value;2.233E+1;
13/05/2026 22:35:00;EMSWH.Application View:Applications.Trends.Offline Log Objects.EBLN11.11-01-DDC-EMS-02.Points.111_AHU05_RM037_RMT.Value;2.228E+1;
13/05/2026 22:40:00;EMSWH.Application View:Applications.Trends.Offline Log Objects.EBLN11.11-01-DDC-EMS-02.Points.111_AHU05_RM037_RMT.Value;2.227E+1;
13/05/2026 22:45:00;EMSWH.Application View:Applications.Trends.Offline Log Objects.EBLN11.11-01-DDC-EMS-02.Points.111_AHU05_RM037_RMT.Value;2.232E+1;
13/05/2026 22:50:00;EMSWH.Application View:Applications.Trends.Offline Log Objects.EBLN11.11-01-DDC-EMS-02.Points.111_AHU05_RM037_RMT.Value;2.227E+1;
13/05/2026 22:55:00;EMSWH.Application View:Applications.Trends.Offline Log Objects.EBLN11.11-01-DDC-EMS-02.Points.111_AHU05_RM037_RMT.Value;2.226E+1;
13/05/2026 23:00:00;EMSWH.Application View:Applications.Trends.Offline Log Objects.EBLN11.11-01-DDC-EMS-02.Points.111_AHU05_RM037_RMT.Value;2.22E+1;
13/05/2026 23:05:00;EMSWH.Application View:Applications.Trends.Offline Log Objects.EBLN11.11-01-DDC-EMS-02.Points.111_AHU05_RM037_RMT.Value;2.218E+1;
13/05/2026 23:10:00;EMSWH.Application View:Applications.Trends.Offline Log Objects.EBLN11.11-01-DDC-EMS-02.Points.111_AHU05_RM037_RMT.Value;2.218E+1;
13/05/2026 23:15:00;EMSWH.Application View:Applications.Trends.Offline Log Objects.EBLN11.11-01-DDC-EMS-02.Points.111_AHU05_RM037_RMT.Value;2.216E+1;
13/05/2026 23:20:00;EMSWH.Application View:Applications.Trends.Offline Log Objects.EBLN11.11-01-DDC-EMS-02.Points.111_AHU05_RM037_RMT.Value;2.216E+1;
13/05/2026 23:25:00;EMSWH.Application View:Applications.Trends.Offline Log Objects.EBLN11.11-01-DDC-EMS-02.Points.111_AHU05_RM037_RMT.Value;2.217E+1;
13/05/2026 23:30:00;EMSWH.Application View:Applications.Trends.Offline Log Objects.EBLN11.11-01-DDC-EMS-02.Points.111_AHU05_RM037_RMT.Value;2.215E+1;
13/05/2026 23:35:00;EMSWH.Application View:Applications.Trends.Offline Log Objects.EBLN11.11-01-DDC-EMS-02.Points.111_AHU05_RM037_RMT.Value;2.216E+1;
13/05/2026 23:40:00;EMSWH.Application View:Applications.Trends.Offline Log Objects.EBLN11.11-01-DDC-EMS-02.Points.111_AHU05_RM037_RMT.Value;2.212E+1;
13/05/2026 23:45:00;EMSWH.Application View:Applications.Trends.Offline Log Objects.EBLN11.11-01-DDC-EMS-02.Points.111_AHU05_RM037_RMT.Value;2.215E+1;
13/05/2026 23:50:00;EMSWH.Application View:Applications.Trends.Offline Log Objects.EBLN11.11-01-DDC-EMS-02.Points.111_AHU05_RM037_RMT.Value;2.216E+1;
13/05/2026 23:55:00;EMSWH.Application View:Applications.Trends.Offline Log Objects.EBLN11.11-01-DDC-EMS-02.Points.111_AHU05_RM037_RMT.Value;2.216E+1;
14/05/2026 0:00:00;EMSWH.Application View:Applications.Trends.Offline Log Objects.EBLN11.11-01-DDC-EMS-02.Points.111_AHU05_RM037_RMT.Value;2.212E+1;
14/05/2026 0:05:00;EMSWH.Application View:Applications.Trends.Offline Log Objects.EBLN11.11-01-DDC-EMS-02.Points.111_AHU05_RM037_RMT.Value;2.211E+1;
14/05/2026 0:10:00;EMSWH.Application View:Applications.Trends.Offline Log Objects.EBLN11.11-01-DDC-EMS-02.Points.111_AHU05_RM037_RMT.Value;2.207E+1;
14/05/2026 0:15:00;EMSWH.Application View:Applications.Trends.Offline Log Objects.EBLN11.11-01-DDC-EMS-02.Points.111_AHU05_RM037_RMT.Value;2.211E+1;
14/05/2026 0:20:00;EMSWH.Application View:Applications.Trends.Offline Log Objects.EBLN11.11-01-DDC-EMS-02.Points.111_AHU05_RM037_RMT.Value;2.208E+1;
14/05/2026 0:25:00;EMSWH.Application View:Applications.Trends.Offline Log Objects.EBLN11.11-01-DDC-EMS-02.Points.111_AHU05_RM037_RMT.Value;2.208E+1;
14/05/2026 0:30:00;EMSWH.Application View:Applications.Trends.Offline Log Objects.EBLN11.11-01-DDC-EMS-02.Points.111_AHU05_RM037_RMT.Value;2.209E+1;
14/05/2026 0:35:00;EMSWH.Application View:Applications.Trends.Offline Log Objects.EBLN11.11-01-DDC-EMS-02.Points.111_AHU05_RM037_RMT.Value;2.211E+1;
14/05/2026 0:40:00;EMSWH.Application View:Applications.Trends.Offline Log Objects.EBLN11.11-01-DDC-EMS-02.Points.111_AHU05_RM037_RMT.Value;2.209E+1;
14/05/2026 0:45:00;EMSWH.Application View:Applications.Trends.Offline Log Objects.EBLN11.11-01-DDC-EMS-02.Points.111_AHU05_RM037_RMT.Value;2.211E+1;
14/05/2026 0:50:00;EMSWH.Application View:Applications.Trends.Offline Log Objects.EBLN11.11-01-DDC-EMS-02.Points.111_AHU05_RM037_RMT.Value;2.212E+1;
14/05/2026 0:55:00;EMSWH.Application View:Applications.Trends.Offline Log Objects.EBLN11.11-01-DDC-EMS-02.Points.111_AHU05_RM037_RMT.Value;2.207E+1;
14/05/2026 1:00:00;EMSWH.Application View:Applications.Trends.Offline Log Objects.EBLN11.11-01-DDC-EMS-02.Points.111_AHU05_RM037_RMT.Value;2.208E+1;
14/05/2026 1:05:00;EMSWH.Application View:Applications.Trends.Offline Log Objects.EBLN11.11-01-DDC-EMS-02.Points.111_AHU05_RM037_RMT.Value;2.207E+1;
14/05/2026 1:10:00;EMSWH.Application View:Applications.Trends.Offline Log Objects.EBLN11.11-01-DDC-EMS-02.Points.111_AHU05_RM037_RMT.Value;2.206E+1;
14/05/2026 1:15:00;EMSWH.Application View:Applications.Trends.Offline Log Objects.EBLN11.11-01-DDC-EMS-02.Points.111_AHU05_RM037_RMT.Value;2.203E+1;
14/05/2026 1:20:00;EMSWH.Application View:Applications.Trends.Offline Log Objects.EBLN11.11-01-DDC-EMS-02.Points.111_AHU05_RM037_RMT.Value;2.206E+1;
14/05/2026 1:25:00;EMSWH.Application View:Applications.Trends.Offline Log Objects.EBLN11.11-01-DDC-EMS-02.Points.111_AHU05_RM037_RMT.Value;2.205E+1;
14/05/2026 1:30:00;EMSWH.Application View:Applications.Trends.Offline Log Objects.EBLN11.11-01-DDC-EMS-02.Points.111_AHU05_RM037_RMT.Value;2.204E+1;
14/05/2026 1:35:00;EMSWH.Application View:Applications.Trends.Offline Log Objects.EBLN11.11-01-DDC-EMS-02.Points.111_AHU05_RM037_RMT.Value;2.206E+1;
14/05/2026 1:40:00;EMSWH.Application View:Applications.Trends.Offline Log Objects.EBLN11.11-01-DDC-EMS-02.Points.111_AHU05_RM037_RMT.Value;2.202E+1;
14/05/2026 1:45:00;EMSWH.Application View:Applications.Trends.Offline Log Objects.EBLN11.11-01-DDC-EMS-02.Points.111_AHU05_RM037_RMT.Value;2.204E+1;
14/05/2026 1:50:00;EMSWH.Application View:Applications.Trends.Offline Log Objects.EBLN11.11-01-DDC-EMS-02.Points.111_AHU05_RM037_RMT.Value;2.203E+1;
14/05/2026 1:55:00;EMSWH.Application View:Applications.Trends.Offline Log Objects.EBLN11.11-01-DDC-EMS-02.Points.111_AHU05_RM037_RMT.Value;2.204E+1;
14/05/2026 2:00:00;EMSWH.Application View:Applications.Trends.Offline Log Objects.EBLN11.11-01-DDC-EMS-02.Points.111_AHU05_RM037_RMT.Value;2.205E+1;
14/05/2026 2:05:00;EMSWH.Application View:Applications.Trends.Offline Log Objects.EBLN11.11-01-DDC-EMS-02.Points.111_AHU05_RM037_RMT.Value;2.208E+1;
14/05/2026 2:10:00;EMSWH.Application View:Applications.Trends.Offline Log Objects.EBLN11.11-01-DDC-EMS-02.Points.111_AHU05_RM037_RMT.Value;2.204E+1;
14/05/2026 2:15:00;EMSWH.Application View:Applications.Trends.Offline Log Objects.EBLN11.11-01-DDC-EMS-02.Points.111_AHU05_RM037_RMT.Value;2.203E+1;
14/05/2026 2:20:00;EMSWH.Application View:Applications.Trends.Offline Log Objects.EBLN11.11-01-DDC-EMS-02.Points.111_AHU05_RM037_RMT.Value;2.201E+1;
14/05/2026 2:25:00;EMSWH.Application View:Applications.Trends.Offline Log Objects.EBLN11.11-01-DDC-EMS-02.Points.111_AHU05_RM037_RMT.Value;2.203E+1;
14/05/2026 2:30:00;EMSWH.Application View:Applications.Trends.Offline Log Objects.EBLN11.11-01-DDC-EMS-02.Points.111_AHU05_RM037_RMT.Value;2.199E+1;
14/05/2026 2:35:00;EMSWH.Application View:Applications.Trends.Offline Log Objects.EBLN11.11-01-DDC-EMS-02.Points.111_AHU05_RM037_RMT.Value;2.202E+1;
14/05/2026 2:40:00;EMSWH.Application View:Applications.Trends.Offline Log Objects.EBLN11.11-01-DDC-EMS-02.Points.111_AHU05_RM037_RMT.Value;2.204E+1;
14/05/2026 2:45:00;EMSWH.Application View:Applications.Trends.Offline Log Objects.EBLN11.11-01-DDC-EMS-02.Points.111_AHU05_RM037_RMT.Value;2.199E+1;
14/05/2026 2:50:00;EMSWH.Application View:Applications.Trends.Offline Log Objects.EBLN11.11-01-DDC-EMS-02.Points.111_AHU05_RM037_RMT.Value;2.202E+1;
14/05/2026 2:55:00;EMSWH.Application View:Applications.Trends.Offline Log Objects.EBLN11.11-01-DDC-EMS-02.Points.111_AHU05_RM037_RMT.Value;2.2E+1;
14/05/2026 3:00:00;EMSWH.Application View:Applications.Trends.Offline Log Objects.EBLN11.11-01-DDC-EMS-02.Points.111_AHU05_RM037_RMT.Value;2.198E+1;
14/05/2026 3:05:00;EMSWH.Application View:Applications.Trends.Offline Log Objects.EBLN11.11-01-DDC-EMS-02.Points.111_AHU05_RM037_RMT.Value;2.199E+1;
14/05/2026 3:10:00;EMSWH.Application View:Applications.Trends.Offline Log Objects.EBLN11.11-01-DDC-EMS-02.Points.111_AHU05_RM037_RMT.Value;2.196E+1;
14/05/2026 3:15:00;EMSWH.Application View:Applications.Trends.Offline Log Objects.EBLN11.11-01-DDC-EMS-02.Points.111_AHU05_RM037_RMT.Value;2.195E+1;
14/05/2026 3:20:00;EMSWH.Application View:Applications.Trends.Offline Log Objects.EBLN11.11-01-DDC-EMS-02.Points.111_AHU05_RM037_RMT.Value;2.198E+1;
14/05/2026 3:25:00;EMSWH.Application View:Applications.Trends.Offline Log Objects.EBLN11.11-01-DDC-EMS-02.Points.111_AHU05_RM037_RMT.Value;2.198E+1;
14/05/2026 3:30:00;EMSWH.Application View:Applications.Trends.Offline Log Objects.EBLN11.11-01-DDC-EMS-02.Points.111_AHU05_RM037_RMT.Value;2.198E+1;
14/05/2026 3:35:00;EMSWH.Application View:Applications.Trends.Offline Log Objects.EBLN11.11-01-DDC-EMS-02.Points.111_AHU05_RM037_RMT.Value;2.2E+1;
14/05/2026 3:40:00;EMSWH.Application View:Applications.Trends.Offline Log Objects.EBLN11.11-01-DDC-EMS-02.Points.111_AHU05_RM037_RMT.Value;2.195E+1;
14/05/2026 3:45:00;EMSWH.Application View:Applications.Trends.Offline Log Objects.EBLN11.11-01-DDC-EMS-02.Points.111_AHU05_RM037_RMT.Value;2.195E+1;
14/05/2026 3:50:00;EMSWH.Application View:Applications.Trends.Offline Log Objects.EBLN11.11-01-DDC-EMS-02.Points.111_AHU05_RM037_RMT.Value;2.191E+1;
14/05/2026 3:55:00;EMSWH.Application View:Applications.Trends.Offline Log Objects.EBLN11.11-01-DDC-EMS-02.Points.111_AHU05_RM037_RMT.Value;2.192E+1;
14/05/2026 4:00:00;EMSWH.Application View:Applications.Trends.Offline Log Objects.EBLN11.11-01-DDC-EMS-02.Points.111_AHU05_RM037_RMT.Value;2.198E+1;
14/05/2026 4:05:00;EMSWH.Application View:Applications.Trends.Offline Log Objects.EBLN11.11-01-DDC-EMS-02.Points.111_AHU05_RM037_RMT.Value;2.199E+1;
14/05/2026 4:10:00;EMSWH.Application View:Applications.Trends.Offline Log Objects.EBLN11.11-01-DDC-EMS-02.Points.111_AHU05_RM037_RMT.Value;2.193E+1;
14/05/2026 4:15:00;EMSWH.Application View:Applications.Trends.Offline Log Objects.EBLN11.11-01-DDC-EMS-02.Points.111_AHU05_RM037_RMT.Value;2.195E+1;
14/05/2026 4:20:00;EMSWH.Application View:Applications.Trends.Offline Log Objects.EBLN11.11-01-DDC-EMS-02.Points.111_AHU05_RM037_RMT.Value;2.192E+1;
14/05/2026 4:25:00;EMSWH.Application View:Applications.Trends.Offline Log Objects.EBLN11.11-01-DDC-EMS-02.Points.111_AHU05_RM037_RMT.Value;2.192E+1;
14/05/2026 4:30:00;EMSWH.Application View:Applications.Trends.Offline Log Objects.EBLN11.11-01-DDC-EMS-02.Points.111_AHU05_RM037_RMT.Value;2.19E+1;
14/05/2026 4:35:00;EMSWH.Application View:Applications.Trends.Offline Log Objects.EBLN11.11-01-DDC-EMS-02.Points.111_AHU05_RM037_RMT.Value;2.19E+1;
14/05/2026 4:40:00;EMSWH.Application View:Applications.Trends.Offline Log Objects.EBLN11.11-01-DDC-EMS-02.Points.111_AHU05_RM037_RMT.Value;2.193E+1;
14/05/2026 4:45:00;EMSWH.Application View:Applications.Trends.Offline Log Objects.EBLN11.11-01-DDC-EMS-02.Points.111_AHU05_RM037_RMT.Value;2.191E+1;
14/05/2026 4:50:00;EMSWH.Application View:Applications.Trends.Offline Log Objects.EBLN11.11-01-DDC-EMS-02.Points.111_AHU05_RM037_RMT.Value;2.19E+1;
14/05/2026 4:55:00;EMSWH.Application View:Applications.Trends.Offline Log Objects.EBLN11.11-01-DDC-EMS-02.Points.111_AHU05_RM037_RMT.Value;2.192E+1;
14/05/2026 5:00:00;EMSWH.Application View:Applications.Trends.Offline Log Objects.EBLN11.11-01-DDC-EMS-02.Points.111_AHU05_RM037_RMT.Value;2.189E+1;
14/05/2026 5:05:00;EMSWH.Application View:Applications.Trends.Offline Log Objects.EBLN11.11-01-DDC-EMS-02.Points.111_AHU05_RM037_RMT.Value;2.188E+1;
14/05/2026 5:10:00;EMSWH.Application View:Applications.Trends.Offline Log Objects.EBLN11.11-01-DDC-EMS-02.Points.111_AHU05_RM037_RMT.Value;2.191E+1;
14/05/2026 5:15:00;EMSWH.Application View:Applications.Trends.Offline Log Objects.EBLN11.11-01-DDC-EMS-02.Points.111_AHU05_RM037_RMT.Value;2.192E+1;
14/05/2026 5:20:00;EMSWH.Application View:Applications.Trends.Offline Log Objects.EBLN11.11-01-DDC-EMS-02.Points.111_AHU05_RM037_RMT.Value;2.19E+1;
14/05/2026 5:25:00;EMSWH.Application View:Applications.Trends.Offline Log Objects.EBLN11.11-01-DDC-EMS-02.Points.111_AHU05_RM037_RMT.Value;2.187E+1;
14/05/2026 5:30:00;EMSWH.Application View:Applications.Trends.Offline Log Objects.EBLN11.11-01-DDC-EMS-02.Points.111_AHU05_RM037_RMT.Value;2.187E+1;
14/05/2026 5:35:00;EMSWH.Application View:Applications.Trends.Offline Log Objects.EBLN11.11-01-DDC-EMS-02.Points.111_AHU05_RM037_RMT.Value;2.188E+1;
14/05/2026 5:40:00;EMSWH.Application View:Applications.Trends.Offline Log Objects.EBLN11.11-01-DDC-EMS-02.Points.111_AHU05_RM037_RMT.Value;2.188E+1;
14/05/2026 5:45:00;EMSWH.Application View:Applications.Trends.Offline Log Objects.EBLN11.11-01-DDC-EMS-02.Points.111_AHU05_RM037_RMT.Value;2.189E+1;
14/05/2026 5:50:00;EMSWH.Application View:Applications.Trends.Offline Log Objects.EBLN11.11-01-DDC-EMS-02.Points.111_AHU05_RM037_RMT.Value;2.186E+1;
14/05/2026 5:55:00;EMSWH.Application View:Applications.Trends.Offline Log Objects.EBLN11.11-01-DDC-EMS-02.Points.111_AHU05_RM037_RMT.Value;2.188E+1;
14/05/2026 6:00:00;EMSWH.Application View:Applications.Trends.Offline Log Objects.EBLN11.11-01-DDC-EMS-02.Points.111_AHU05_RM037_RMT.Value;2.183E+1;
14/05/2026 6:05:00;EMSWH.Application View:Applications.Trends.Offline Log Objects.EBLN11.11-01-DDC-EMS-02.Points.111_AHU05_RM037_RMT.Value;2.186E+1;
14/05/2026 6:10:00;EMSWH.Application View:Applications.Trends.Offline Log Objects.EBLN11.11-01-DDC-EMS-02.Points.111_AHU05_RM037_RMT.Value;2.182E+1;
14/05/2026 6:15:00;EMSWH.Application View:Applications.Trends.Offline Log Objects.EBLN11.11-01-DDC-EMS-02.Points.111_AHU05_RM037_RMT.Value;2.189E+1;
14/05/2026 6:20:00;EMSWH.Application View:Applications.Trends.Offline Log Objects.EBLN11.11-01-DDC-EMS-02.Points.111_AHU05_RM037_RMT.Value;2.189E+1;
14/05/2026 6:25:00;EMSWH.Application View:Applications.Trends.Offline Log Objects.EBLN11.11-01-DDC-EMS-02.Points.111_AHU05_RM037_RMT.Value;2.185E+1;
14/05/2026 6:30:00;EMSWH.Application View:Applications.Trends.Offline Log Objects.EBLN11.11-01-DDC-EMS-02.Points.111_AHU05_RM037_RMT.Value;2.184E+1;
14/05/2026 6:35:00;EMSWH.Application View:Applications.Trends.Offline Log Objects.EBLN11.11-01-DDC-EMS-02.Points.111_AHU05_RM037_RMT.Value;2.185E+1;
14/05/2026 6:40:00;EMSWH.Application View:Applications.Trends.Offline Log Objects.EBLN11.11-01-DDC-EMS-02.Points.111_AHU05_RM037_RMT.Value;2.185E+1;
14/05/2026 6:45:00;EMSWH.Application View:Applications.Trends.Offline Log Objects.EBLN11.11-01-DDC-EMS-02.Points.111_AHU05_RM037_RMT.Value;2.185E+1;
14/05/2026 6:50:00;EMSWH.Application View:Applications.Trends.Offline Log Objects.EBLN11.11-01-DDC-EMS-02.Points.111_AHU05_RM037_RMT.Value;2.189E+1;
14/05/2026 6:55:00;EMSWH.Application View:Applications.Trends.Offline Log Objects.EBLN11.11-01-DDC-EMS-02.Points.111_AHU05_RM037_RMT.Value;2.189E+1;
14/05/2026 7:00:00;EMSWH.Application View:Applications.Trends.Offline Log Objects.EBLN11.11-01-DDC-EMS-02.Points.111_AHU05_RM037_RMT.Value;2.188E+1;
14/05/2026 7:05:00;EMSWH.Application View:Applications.Trends.Offline Log Objects.EBLN11.11-01-DDC-EMS-02.Points.111_AHU05_RM037_RMT.Value;2.187E+1;
14/05/2026 7:10:00;EMSWH.Application View:Applications.Trends.Offline Log Objects.EBLN11.11-01-DDC-EMS-02.Points.111_AHU05_RM037_RMT.Value;2.192E+1;
14/05/2026 7:15:00;EMSWH.Application View:Applications.Trends.Offline Log Objects.EBLN11.11-01-DDC-EMS-02.Points.111_AHU05_RM037_RMT.Value;2.192E+1;
14/05/2026 7:20:00;EMSWH.Application View:Applications.Trends.Offline Log Objects.EBLN11.11-01-DDC-EMS-02.Points.111_AHU05_RM037_RMT.Value;2.197E+1;
14/05/2026 7:25:00;EMSWH.Application View:Applications.Trends.Offline Log Objects.EBLN11.11-01-DDC-EMS-02.Points.111_AHU05_RM037_RMT.Value;2.193E+1;
14/05/2026 7:30:00;EMSWH.Application View:Applications.Trends.Offline Log Objects.EBLN11.11-01-DDC-EMS-02.Points.111_AHU05_RM037_RMT.Value;2.191E+1;
14/05/2026 7:35:00;EMSWH.Application View:Applications.Trends.Offline Log Objects.EBLN11.11-01-DDC-EMS-02.Points.111_AHU05_RM037_RMT.Value;2.193E+1;
14/05/2026 7:40:00;EMSWH.Application View:Applications.Trends.Offline Log Objects.EBLN11.11-01-DDC-EMS-02.Points.111_AHU05_RM037_RMT.Value;2.195E+1;
14/05/2026 7:45:00;EMSWH.Application View:Applications.Trends.Offline Log Objects.EBLN11.11-01-DDC-EMS-02.Points.111_AHU05_RM037_RMT.Value;2.194E+1;
14/05/2026 7:50:00;EMSWH.Application View:Applications.Trends.Offline Log Objects.EBLN11.11-01-DDC-EMS-02.Points.111_AHU05_RM037_RMT.Value;2.197E+1;
14/05/2026 7:55:00;EMSWH.Application View:Applications.Trends.Offline Log Objects.EBLN11.11-01-DDC-EMS-02.Points.111_AHU05_RM037_RMT.Value;2.196E+1;
14/05/2026 8:00:00;EMSWH.Application View:Applications.Trends.Offline Log Objects.EBLN11.11-01-DDC-EMS-02.Points.111_AHU05_RM037_RMT.Value;2.196E+1;

Acceptance Criteria : 21±3 °C

_____________________________________________________________________________________________
Remark:
_____________________________________________________________________________


Reviewed By:________________________                                             Approved By:________________________



Date:_______________________________                                            Date:_______________________________ 